Cluster0:30.4884,31.4006,28.7555,30.9588,27.8382,25.7381,27.2859,27.9616,30.7701,35.707,35.5891,26.0781,35.7139,34.49,24.083,29.0026,28.017,34.6295,31.3418,35.357,35.7947,30.2589,26.0403,27.1845,33.5789,28.9501,29.5101,30.9526,25.5467,26.1449,25.4909,34.8381,17.5912,21.0037,19.1206,20.57,20.3776,15.7679,17.3033,18.832,21.8979,13.8525,16.361,13.923,22.9125,18.3157,21.1789,15.1881,13.6289,21.8553,13.2929,12.6212,21.722,14.6608,13.07,14.4327,13.1643,12.6858,20.4566,15.7367
Cluster1:29.4606,29.5876,25.1454,31.8475,33.8892,32.7152,29.8153,26.4699,28.1925,30.8979,32.3175,26.3318,35.0074,26.0561,27.9781,24.1462,25.8141,32.2856,26.4549,33.6465,29.8281,33.461,24.0026,35.9236,31.7751,32.7097,25.0179,30.6,24.4238,34.6916,24.5042,35.7991,34.2586,24.2387,25.5273,31.2585,28.9112,34.9806,27.3678,25.4641,30.1201,34.5884,34.3765,24.5718,27.9785,33.117,33.2657,35.8516,32.2698,32.7861,24.9522,27.8176,25.1178,33.1496,34.6101,27.9153,30.4212,34.8822,29.6214,27.2341
Cluster2:27.0112,25.9264,27.6876,29.5579,24.5461,25.7461,33.5892,35.8428,30.105,31.7403,32.8812,31.1013,26.3127,32.5162,27.6913,26.8885,26.969,27.7838,33.9384,32.5874,31.0536,29.4719,31.351,32.3777,33.1537,25.9264,24.2515,27.0002,32.0399,35.9067,25.4641,29.3871,33.2462,24.1322,34.418,29.5748,35.5054,33.7306,10.2381,18.4345,16.8686,14.4413,19.7054,13.9584,19.1803,15.3105,10.1617,13.972,12.6012,18.9622,10.1662,8.74318,9.08396,11.19,15.4343,13.4542,10.2326,8.17509,16.7229,16.1463
Cluster3:26.8911,43.6161,46.4914,41.6352,42.2098,34.4329,20.8029,13.0554,14.9234,15.4818,30.7871,38.131,39.0141,41.8578,40.0218,35.1921,23.0421,22.3659,11.7988,18.6745,24.8879,34.3958,38.6106,45.1564,43.4375,38.2177,28.1738,24.7151,20.4831,17.3737,22.7272,36.1049,44.4373,42.9198,43.5772,42.3916,35.5608,27.7454,15.8291,21.8644,18.4122,29.6449,39.5166,44.5715,38.6288,40.5667,35.2902,22.6827,16.1952,19.2354,24.257,22.5919,34.7132,44.7643,39.4429,40.6234,36.0594,24.6428,23.8761,16.2003
Cluster4:26.3036,30.6055,34.5858,28.7136,32.4178,32.1093,27.2444,33.4923,26.6928,32.4971,25.2309,27.255,30.4638,28.8047,28.7933,29.1701,28.7687,28.5322,25.3091,29.4253,31.6378,29.7257,26.4732,29.5814,26.7328,26.1864,30.1146,32.2801,35.7944,26.1416,25.8438,31.821,24.0845,30.6158,16.8249,18.5131,23.1804,23.5017,23.4892,27.294,26.828,18.8773,18.3357,15.814,21.1232,25.9647,21.4427,22.7173,20.6708,24.4815,17.0453,18.289,26.7707,27.3847,17.9846,19.4524,20.857,23.8421,21.6965,24.7628
Cluster5:31.1949,32.0851,32.9315,28.0141,31.3973,32.6458,32.7516,33.0957,35.5491,31.4028,35.299,27.8911,35.1286,34.7254,24.9045,31.0491,29.1917,30.8589,26.4486,29.1554,24.7054,32.5368,27.1669,26.3139,33.7152,32.8437,26.3296,34.9912,30.1054,34.1499,34.1775,26.561,27.2826,27.1467,28.0181,34.4419,25.9163,22.6036,26.7473,22.1034,23.4071,19.1602,21.2221,15.9496,20.1153,15.1663,23.4144,24.476,16.0891,26.7209,26.5369,21.7285,17.5635,15.3617,18.7419,21.8438,16.2602,17.8444,16.4457,22.7035
